Carleton College CS 311 mesh version 2019/01/15
triNum 12
vertNum 24
attrDim 8
12 Triangles:
0 2 1
0 3 2
4 5 6
4 6 7
8 10 9
8 11 10
12 13 14
12 14 15
16 18 17
16 19 18
20 21 22
20 22 23
24 Vertices:
-128.000000 -64.000000 -32.000000 0.000000 0.000000 0.000000 0.000000 -1.000000 
128.000000 -64.000000 -32.000000 1.000000 0.000000 0.000000 0.000000 -1.000000 
128.000000 64.000000 -32.000000 1.000000 1.000000 0.000000 0.000000 -1.000000 
-128.000000 64.000000 -32.000000 0.000000 1.000000 0.000000 0.000000 -1.000000 
-128.000000 -64.000000 32.000000 0.000000 0.000000 0.000000 0.000000 1.000000 
128.000000 -64.000000 32.000000 1.000000 0.000000 0.000000 0.000000 1.000000 
128.000000 64.000000 32.000000 1.000000 1.000000 0.000000 0.000000 1.000000 
-128.000000 64.000000 32.000000 0.000000 1.000000 0.000000 0.000000 1.000000 
-128.000000 64.000000 -32.000000 0.000000 1.000000 0.000000 1.000000 0.000000 
128.000000 64.000000 -32.000000 1.000000 1.000000 0.000000 1.000000 0.000000 
128.000000 64.000000 32.000000 1.000000 1.000000 0.000000 1.000000 0.000000 
-128.000000 64.000000 32.000000 0.000000 1.000000 0.000000 1.000000 0.000000 
-128.000000 -64.000000 -32.000000 0.000000 0.000000 0.000000 -1.000000 0.000000 
128.000000 -64.000000 -32.000000 1.000000 0.000000 0.000000 -1.000000 0.000000 
128.000000 -64.000000 32.000000 1.000000 0.000000 0.000000 -1.000000 0.000000 
-128.000000 -64.000000 32.000000 0.000000 0.000000 0.000000 -1.000000 0.000000 
128.000000 64.000000 -32.000000 1.000000 1.000000 1.000000 0.000000 0.000000 
128.000000 -64.000000 -32.000000 1.000000 0.000000 1.000000 0.000000 0.000000 
128.000000 -64.000000 32.000000 1.000000 0.000000 1.000000 0.000000 0.000000 
128.000000 64.000000 32.000000 1.000000 1.000000 1.000000 0.000000 0.000000 
-128.000000 64.000000 -32.000000 0.000000 1.000000 -1.000000 0.000000 0.000000 
-128.000000 -64.000000 -32.000000 0.000000 0.000000 -1.000000 0.000000 0.000000 
-128.000000 -64.000000 32.000000 0.000000 0.000000 -1.000000 0.000000 0.000000 
-128.000000 64.000000 32.000000 0.000000 1.000000 -1.000000 0.000000 0.000000 
